47	0	0	14
47	0	1	7
47	0	2	10
47	0	3	14
47	0	4	12
47	0	5	9
47	0	6	13
47	0	7	14
47	0	8	9
47	0	9	13
47	0	10	11
47	0	11	12
47	0	12	9
47	0	13	14
47	0	14	10
47	0	15	11
47	0	16	12
47	0	17	9
47	0	18	13
47	0	19	12
47	0	20	1
47	0	21	2
47	0	22	3
47	0	23	9
47	0	24	8
47	0	25	12
47	0	26	7
47	0	27	14
47	0	28	6
47	0	29	12
47	0	30	14
47	0	31	11
47	0	32	13
47	0	33	7
47	0	34	8
47	0	35	13
47	0	36	6
47	0	37	8
47	0	38	7
47	0	39	10
47	0	40	11
47	0	41	13
47	0	42	4
47	0	43	5
47	0	44	9
47	0	45	14
47	0	46	11
47	0	47	6
47	0	48	8
47	0	49	10
47	0	50	7
47	0	51	6
47	0	52	12
47	0	53	9
47	0	54	7
47	0	55	10
47	0	56	13
47	0	57	6
47	0	58	8
47	0	59	11
47	0	60	12
47	0	61	8
47	0	62	11
47	0	63	6
47	0	64	14
47	0	65	10
47	0	66	9
47	0	67	14
47	0	68	10
47	0	69	11
47	0	70	13
47	0	71	10
47	0	72	8
47	0	73	11
47	0	74	9
47	0	75	6
47	0	76	13
47	0	77	7
47	0	78	10
47	0	79	12
47	1	0	13
47	1	1	12
47	1	2	6
47	1	3	13
47	1	4	10
47	1	5	7
47	1	6	12
47	1	7	13
47	1	8	9
47	1	9	14
47	1	10	13
47	1	11	12
47	1	12	11
47	1	13	7
47	1	14	14
47	1	15	10
47	1	16	9
47	1	17	12
47	1	18	11
47	1	19	13
47	1	20	1
47	1	21	2
47	1	22	3
47	1	23	11
47	1	24	8
47	1	25	12
47	1	26	14
47	1	27	9
47	1	28	13
47	1	29	11
47	1	30	12
47	1	31	14
47	1	32	10
47	1	33	13
47	1	34	11
47	1	35	12
47	1	36	14
47	1	37	10
47	1	38	13
47	1	39	11
47	1	40	14
47	1	41	12
47	1	42	4
47	1	43	5
47	1	44	13
47	1	45	9
47	1	46	7
47	1	47	10
47	1	48	6
47	1	49	9
47	1	50	12
47	1	51	14
47	1	52	6
47	1	53	10
47	1	54	13
47	1	55	7
47	1	56	9
47	1	57	12
47	1	58	6
47	1	59	10
47	1	60	8
47	1	61	6
47	1	62	14
47	1	63	7
47	1	64	8
47	1	65	14
47	1	66	9
47	1	67	8
47	1	68	11
47	1	69	10
47	1	70	7
47	1	71	9
47	1	72	8
47	1	73	14
47	1	74	10
47	1	75	8
47	1	76	13
47	1	77	9
47	1	78	10
47	1	79	11
47	2	0	14
47	2	1	13
47	2	2	12
47	2	3	10
47	2	4	14
47	2	5	11
47	2	6	12
47	2	7	8
47	2	8	9
47	2	9	11
47	2	10	10
47	2	11	14
47	2	12	12
47	2	13	13
47	2	14	10
47	2	15	14
47	2	16	11
47	2	17	13
47	2	18	12
47	2	19	11
47	2	20	1
47	2	21	2
47	2	22	3
47	2	23	9
47	2	24	14
47	2	25	11
47	2	26	9
47	2	27	8
47	2	28	10
47	2	29	13
47	2	30	9
47	2	31	7
47	2	32	8
47	2	33	12
47	2	34	9
47	2	35	14
47	2	36	8
47	2	37	9
47	2	38	10
47	2	39	13
47	2	40	14
47	2	41	10
47	2	42	4
47	2	43	5
47	2	44	14
47	2	45	6
47	2	46	12
47	2	47	9
47	2	48	13
47	2	49	7
47	2	50	12
47	2	51	11
47	2	52	7
47	2	53	12
47	2	54	11
47	2	55	13
47	2	56	9
47	2	57	6
47	2	58	13
47	2	59	7
47	2	60	11
47	2	61	10
47	2	62	7
47	2	63	8
47	2	64	6
47	2	65	14
47	2	66	13
47	2	67	6
47	2	68	10
47	2	69	9
47	2	70	8
47	2	71	10
47	2	72	12
47	2	73	14
47	2	74	7
47	2	75	13
47	2	76	14
47	2	77	11
47	2	78	8
47	2	79	6
47	3	0	9
47	3	1	10
47	3	2	11
47	3	3	6
47	3	4	9
47	3	5	10
47	3	6	13
47	3	7	12
47	3	8	14
47	3	9	10
47	3	10	11
47	3	11	9
47	3	12	13
47	3	13	8
47	3	14	12
47	3	15	9
47	3	16	13
47	3	17	8
47	3	18	12
47	3	19	14
47	3	20	1
47	3	21	2
47	3	22	3
47	3	23	10
47	3	24	14
47	3	25	11
47	3	26	13
47	3	27	6
47	3	28	14
47	3	29	12
47	3	30	11
47	3	31	13
47	3	32	7
47	3	33	14
47	3	34	12
47	3	35	11
47	3	36	13
47	3	37	8
47	3	38	14
47	3	39	12
47	3	40	9
47	3	41	11
47	3	42	4
47	3	43	5
47	3	44	12
47	3	45	8
47	3	46	6
47	3	47	11
47	3	48	7
47	3	49	6
47	3	50	9
47	3	51	8
47	3	52	10
47	3	53	9
47	3	54	13
47	3	55	10
47	3	56	6
47	3	57	7
47	3	58	10
47	3	59	11
47	3	60	14
47	3	61	13
47	3	62	7
47	3	63	10
47	3	64	9
47	3	65	8
47	3	66	7
47	3	67	6
47	3	68	12
47	3	69	13
47	3	70	7
47	3	71	6
47	3	72	11
47	3	73	10
47	3	74	7
47	3	75	9
47	3	76	14
47	3	77	8
47	3	78	12
47	3	79	14
47	4	0	13
47	4	1	10
47	4	2	14
47	4	3	7
47	4	4	11
47	4	5	13
47	4	6	9
47	4	7	12
47	4	8	11
47	4	9	13
47	4	10	12
47	4	11	9
47	4	12	11
47	4	13	10
47	4	14	13
47	4	15	7
47	4	16	12
47	4	17	11
47	4	18	6
47	4	19	14
47	4	20	1
47	4	21	2
47	4	22	3
47	4	23	10
47	4	24	12
47	4	25	8
47	4	26	13
47	4	27	14
47	4	28	9
47	4	29	12
47	4	30	14
47	4	31	8
47	4	32	9
47	4	33	10
47	4	34	13
47	4	35	9
47	4	36	14
47	4	37	7
47	4	38	13
47	4	39	9
47	4	40	11
47	4	41	6
47	4	42	4
47	4	43	5
47	4	44	10
47	4	45	14
47	4	46	7
47	4	47	12
47	4	48	10
47	4	49	11
47	4	50	14
47	4	51	12
47	4	52	11
47	4	53	9
47	4	54	13
47	4	55	6
47	4	56	10
47	4	57	11
47	4	58	7
47	4	59	6
47	4	60	12
47	4	61	13
47	4	62	10
47	4	63	8
47	4	64	13
47	4	65	14
47	4	66	12
47	4	67	9
47	4	68	8
47	4	69	6
47	4	70	14
47	4	71	10
47	4	72	9
47	4	73	8
47	4	74	14
47	4	75	6
47	4	76	12
47	4	77	7
47	4	78	11
47	4	79	8